65x12
0:빈곳   1:블럭   2:시작위치   3:도착지

00000000000000000000000000000000000000000000000000000000000000000
00000000000000000000000000000000000000000000000000000000000000000
00000000000000000000000000000000000000000000000000000000000000000
00000000000000000000000000000001111111100000000000000000000000000
00000000000000000000000000000000000111100000000000000000000000000
00000000000000000001110000000000000111100000000000000000000000000
00000000000000000000000000000000000111100000000000000000000000000
00000000000000000000000000000001111111100000000000000000000030000
00000000000000110000000000000000000111100000000100000000000010000
00000000000000110000000000000000000111100000000000000000000111000
20000000100000110000000000000000000111100000000000000000011111110
11111001111111111111000011100001111111100000100000100001111111111